1 449585
2 142094
3 51911
4 23452
5 15552
6 9899
7 7083
8 5699
9 4117
10 2875
11 2161
12 1719
13 1557
14 1315
15 1077
16 978
17 814
18 743
19 625
20 576
21 625
22 614
23 527
24 548
25 474
26 393
27 498
28 413
29 373
30 358
31 336
32 371
33 316
34 328
35 339
36 329
37 296
38 319
39 262
40 206
41 177
42 178
43 173
44 161
45 169
46 129
47 144
48 128
49 154
50 109
51 97
52 137
53 128
54 108
55 103
56 143
57 86
58 102
59 93
60 77
61 109
62 100
63 70
64 84
65 99
66 68
67 69
68 57
69 58
70 81
71 80
72 60
73 67
74 51
75 57
76 64
77 62
78 58
79 46
80 47
81 38
82 35
83 59
84 41
85 36
86 45
87 56
88 39
89 55
90 60
91 43
92 46
93 43
94 55
95 31
96 57
97 47
98 46
99 49
100 42
101 45
102 37
103 34
104 28
105 31
106 37
107 54
108 34
109 50
110 57
111 43
112 36
113 42
114 41
115 68
116 62
117 58
118 44
119 23
120 37
121 26
122 43
123 39
124 53
125 82
126 33
127 47
128 49
129 33
130 13
131 4
132 4
133 3
134 2
135 1
136 3
139 1
140 1
141 1
143 1
145 1
149 1
151 2
158 1
171 1
183 1
185 1
186 1
188 1
220 1
1692 1
